import numpy as np

def monthly():
	#Stocks (VTI, VTV, VOE, VBR, VEA, VWO)
	mdata = np.array([[84.418655,	65.970085,	69.735138,	85.659378,	34.983627,	36.047939],
	[86.271461,	66.916138,	70.629295,	86.404778,	35.460072,	35.752476],
	[83.977608,	64.865936,	69.85714,	85.564476,	33.791744,	32.913509],
	[88.064392,	67.440483,	73.623276,	89.812866,	35.801628,	33.979473],
	[88.127693,	68.868828,	74.450172,	90.969872,	35.297028,	35.456078],
	[88.567444,	69.847694,	74.773155,	89.960999,	36.236973,	35.867218],
	[90.429062,	70.814125,	76.049782,	91.434738,	36.876667,	36.979847],
	[92.417816,	71.771667,	78.162537,	95.385788,	36.816139,	37.785851],
	[90.948341,	71.306938,	76.130707,	90.819923,	36.375038,	38.675163],
	[94.723404,	73.758713,	79.070572,	95.467155,	36.471256,	40.161304],
	[92.316101,	72.394623,	76.328484,	90.177994,	34.774101,	36.897091],
	[95.28392,	74.124992,	79.043602,	94.554001,	34.833565,	38.114742],
	[97.647232,	75.954338,	81.192299,	95.593742,	34.833565,	37.694622],
	[97.097641,	75.766022,	80.401138,	95.629898,	33.312183,	35.772789],
	[94.939392,	73.102722,	79.788094,	94.103195,	33.759369,	35.858566],
	[100.390793,	76.982056,	84.055748,	99.430321,	35.838909,	37.528488],
	[98.760895,	75.511513,	83.991798,	100.653992,	35.246017,	36.693531],
	[99.833977,	76.931671,	83.769623,	99.416283,	36.771069,	39.482258],
	[101.129196,	77.839195,	84.775154,	100.778893,	36.753288,	38.07925],
	[99.010567,	75.64296,	82.791512,	99.259773,	35.242271,	36.766178],
	[101.126419,	76.87114,	83.56852,	98.320656,	36.20546,	34.783318],
	[94.966301,	72.36113,	79.957764,	93.560677,	33.586575,	31.352188],
	[91.723656,	70.069588,	76.091049,	89.168983,	32.074627,	30.036005],
	[99.484146,	75.938171,	82.035904,	96.184616,	34.385551,	32.059029],
	[100.081833,	76.351761,	82.545784,	97.451302,	34.123417,	31.322893],
	[97.401657,	74.927124,	79.681145,	91.99337,	33.192371,	30.099045],
	[92.349731,	71.8862,	74.678749,	86.784515,	31.54915,	28.507988],
	[92.340332,	71.960258,	75.695625,	88.088898,	30.576025,	28.415514],
	[98.445023,	76.284187,	81.274376,	95.605591,	32.631405,	31.975548],
	[99.556686,	77.945572,	82.372467,	97.976089,	33.532902,	32.35437],
	[101.28344,	78.774971,	83.561531,	99.351265,	33.432419,	31.307688],
	[101.113586,	79.203644,	83.402359,	99.191139,	32.299747,	32.632248],
	[105.597778,	81.901657,	87.333847,	104.114433,	34.105057,	34.536854],
	[105.815758,	82.454666,	88.143105,	104.870255,	34.243958,	34.807255],
	[105.512482,	81.545494,	88.049004,	104.549034,	34.642143,	35.086975],
	[103.70269,	81.171997,	86.383949,	102.1092,	33.967503,	35.623863],
	[108.359749,	86.039482,	91.511574,	112.535881,	33.455803,	34.180031],
	[109.826378,	87.73745,	91.946747,	118.020088,	33.995419,	33.764812],
	[112.563263,	88.824142,	94.528473,	116.509666,	35.531921,	35.881058],
	[116.722328,	92.007629,	97.698441,	118.853424,	35.90712,	36.68705],
	[116.262337,	90.629707,	97.022575,	117.533257,	36.863892,	37.663723],
	[118.02861,	91.134064,	97.841255,	118.469093,	37.824516,	38.319714],
	[119.222282,	91.191414,	97.927322,	115.626236,	39.114525,	38.69968],
	[119.799866,	92.300247,	98.367195,	118.046516,	38.907375,	38.785179],
	[122.614624,	94.266373,	100.480942,	119.657753,	40.497452,	41.112633],
	[122.798363,	93.824135,	99.232262,	117.913391,	40.506977,	42.34573],
	[125.254715,	95.968079,	101.470291,	123.15612,	41.354847,	41.647926],
	[128.523895,	98.393074,	102.76899,	124.824097,	42.262016,	43.161167],
	[132.418549,	101.858376,	106.271828,	128.775391,	42.625519,	43.016106],
	[133.302399,	102.913452,	107.661377,	128.591385,	42.912495,	44.399048],
	[140.963669,	107.762932,	112.285751,	131.923279,	45.387989,	48.428722],
	[135.664001,	102.981209,	107.014168,	125.675102,	43.069809,	45.834324],
	[132.462708,	99.874062,	106.198669,	126.152733,	42.741398,	45.649704],
	[133.59848,	100.864662,	107.167847,	127.2015,	43.444817,	44.472805],
	[137.234116,	101.477966,	107.206856,	132.947784,	42.82431,	43.431084],
	[137.616318,	101.078827,	107.733528,	132.928207,	41.593002,	41.084774],
	[142.78569,	106.416054,	111.71093,	136.742615,	43.078411,	42.997154],
	[147.6866,	108.43351,	112.328285,	140.044037,	42.332291,	41.19418],
	[147.273254,	108.394325,	110.799606,	136.929306,	42.479553,	40.175102],
	[137.010254,	103.678078,	103.72316,	125.241508,	38.967945,	37.527393],
	[139.769058,	107.069283,	106.091263,	128.186035,	39.165005,	39.341316],
	[126.202499,	96.560501,	93.994179,	112.702538,	36.554001,	37.765282],
	[137.785049,	104.043472,	104.122078,	126.205627,	39.699532,	41.698135],
	[142.688553,	107.022949,	107.833977,	131.24231,	40.625553,	41.538448],
	[143.931824,	106.893837,	107.3563,	128.136688,	40.695255,	42.416725],
	[150.389999,	111.25,	111.800003,	133.759995,	42.029999,	43.41]])
	
	T = mdata.shape[0]
	mreturn = mdata[1:T]/mdata[0:T-1]-1

	return mreturn
